3334
9171
6227
9949
1863
4467
0899
4182
3320
4647
4012
2636
5392
3280
9732
9428
2719
7545
2405
5315
8887
1130
9517
3852
0653
8185
6317
4234
2743
3833
3785
6170
9878
8287
9480
0363
4232
5260
4573
5756
7589
1796
7851
2757
1161
9776
7968
4193
3226
0880
2200
2815
5756
0779
2728
0086
2711
5860
2067
1192
2909
8527
7733
3099
3041
9356
2715
8608
1263
9938
3668
1422
0197
9179
1401
5112
7983
2386
9460
9399
6517
6506
2895
5883
8531
9889
9291
4203
1873
2088
1878
5775
6679
8348
9226
7867
1403
1946
2724
8090
4577
8832
1783
5641
5598
7517
0057
2443
1159
5794
3015
7687
0027
3150
4433
5774
4096
1905
8108
0691
7982
0975
7493
5343
8013
9614
6581
4585
8347
2268
2257
4847
6650
0717
0868
2575
6658
4761
5969
0580
2096
7029
9929
5969
7070
6738
7964
9139
8032
8948
0693
5336
6582
1260
0300
8315
4592
8018
5619
2877
3442
4933
8221
6796
7086
6038
2421
2452
8361
4854
7904
3898
3395
1625
9120
2767
4803
8840
8114
5139
5233
9312
2823
9165
2322
4385
7278
2575
3380
4640
5165
2990
9978
3565
3165
6993
9784
6375
0536
5277
3847
8173
1909
0508
4069
6937
0503
8310
2494
7434
9476
5543
3629
6755
2001
1479
4263
0421
9734
7303
5227
2367
6840
3879
9622
8690
1384
0954
7430
4361
5894
2703
8651
8788
6923
2416
9097
2418
0874
5247
5604
3461
1653
7348
3862
6025
1603
5356
0703
3044
1580
4298
2830
0721
4502
7153
6617
3596
5334
1277
7858
3462
8124
0586
9082
5601
4466
2919
3458
1890
6952
2185
3591
8949
1337
4611
7752
4178
1964
7089
0626
6409
5124
0492
9545
1356
8177
4608
7862
2701
6022
9146
0364
5983
8674
1498
1295
2490
9301
6742
4710
8287
1600
6371
7095
0903
4813
5098
0121
8573
3017
7368
0627
5480
4739
9064
2823
4237
9571
5628
1444
6546
7911
0413
8028
4781
3325
2894
0169
9213
8699
3678
8266
7859
6474
1429
2985
3938
4653
0574
2049
1288
6814
4453
5964
3101
0655
9236
2980
7587
3802
5170
4627
8415
7248
1791
4782
9320
1971
2083
0413
6368
6138
3697
4133
7820
8499
0646
7184
3281
1579
4018
2642
2030
1673
5445
0149
6337
8367
9079
6295
9892
7301
3726
5009
1047
5734
9973
3805
2251
3110
5331
8834
9858
6117
5619
0865
4832
7123
9215
1513
4585
5604
0521
4807
5562
6693
5035
9396
3574
7363
8637
9240
4174
3850
7654
3297
4005
0624
7208
8380
9356
2662
6183
1872
0978
4791
6689
4006
2954
8468
7247
5241
0787
0913
2357
3306
8498
1277
7534
6126
3162
2512
4475
8395
3317
9765
8471
0406
2355
7621
4556
6582
1039
4278
5867
1016
7521
8572
6744
1638
2991
2463
9214
4739
3876
7293
5134
2179
6702
6198
2850
9022
1213
3931
9921
2403
6504
2524
3294
7166
4572
9576
8192
8688
6282
2563
3125
4364
5889
2115
4431
9694
6613
6604
5110
3864
5348
2254
0982
8327
4203
7811
2639
1698
8061
3490
9602
1746
5276
6904
8458
5726
8694
4210
6822
7576
1607
0475
7600
1127
0362
5817
4105
8951
7301
1544
9961
5804
3282
2026
6390
1643
7167
4703
5065
0837
6584
0424
2185
1311
9653
7625
5073
0281
7508
