2704
6375
0536
5277
3847
8173
1909
0508
4069
6937
0503
8310
2494
7434
9476
5543
3629
6755
2001
1479
4263
0421
9734
7303
5227
2367
6840
3879
9622
8690
1384
0954
7430
4361
5894
2703
8651
8788
6923
2416
9097
2418
0874
5247
5604
3461
1653
7348
3862
6025
1603
5356
0703
3044
1580
4298
2830
0721
4502
7153
6617
3596
5334
1277
7858
3462
8124
0586
9082
5601
4466
2919
3458
1890
6952
2185
3591
8949
1337
4611
7752
4178
1964
7089
0626
6409
5124
0492
9545
1356
8177
4608
7862
2701
6022
9146
0364
5983
8674
1498
1295
2490
9301
6742
4710
8287
1600
6371
7095
0903
4813
5098
0121
8573
3017
7368
0627
5480
4739
9064
2823
4237
9571
5628
1444
6546
7911
0413
8028
4781
3325
2894
0169
9213
8699
3678
8266
7859
6474
1429
2985
3938
4653
0574
2049
1288
6814
4453
5964
3101
0655
9236
2980
7587
3802
5170
4627
8415
7248
1791
4782
9320
1971
2083
0413
6368
6138
3697
4133
7820
8499
0646
7184
3281
1579
4018
2642
2030
1673
5445
0149
6337
8367
9079
6295
9892
7301
3726
5009
1047
5734
9973
3805
2251
3110
5331
8834
9858
6117
5619
0865
4832
7123
9215
1513
4585
5604
0521
4807
5562
6693
5035
9396
3574
7363
8637
9240
4174
3850
7654
3297
4005
0624
7208
8380
9356
2662
6183
1872
0978
4791
6689
4006
2954
8468
7247
5241
0787
0913
2357
3306
8498
1277
7534
6126
3162
2512
4475
8395
3317
9765
8471
0406
2355
7621
4556
6582
1039
4278
5867
1016
7521
8572
6744
1638
2991
2463
9214
4739
3876
7293
5134
2179
6702
