3334
9171
6227
9949
1863
4467
0899
4182
3320
4647
4012
2636
5392
3280
9732
9428
2719
7545
2405
5315
8887
1130
9517
3852
0653
8185
6317
4234
2743
3833
3785
6170
9878
8287
9480
0363
4232
5260
4573
5756
7589
1796
7851
2757
1161
9776
7968
4193
3226
0880
2200
2815
5756
0779
2728
0086
2711
5860
2067
1192
2909
8527
7733
3099
3041
9356
2715
8608
1263
9938
3668
1422
0197
9179
1401
5112
7983
2386
9460
9399
6517
6506
2895
5883
8531
9889
9291
4203
1873
2088
1878
5775
6679
8348
9226
7867
1403
1946
2724
8090
4577
8832
1783
5641
5598
7517
0057
2443
1159
5794
3015
7687
0027
3150
4433
5774
4096
1905
8108
0691
7982
0975
7493
5343
8013
9614
6581
4585
8347
2268
2257
4847
6650
0717
0868
2575
6658
4761
5969
0580
2096
7029
9929
5969
7070
6738
7964
9139
8032
8948
0693
5336
6582
1260
0300
8315
4592
8018
5619
2877
3442
4933
8221
6796
7086
6038
2421
2452
8361
4854
7904
3898
3395
1625
9120
2767
4803
8840
8114
5139
5233
9312
2823
9165
2322
4385
7278
2575
3380
4640
5165
2990
9978
3565
3165
6993
9784